167 35 0
166 36 0
165 36 0
164 36 0
162 36 0
161 36 0
160 36 0
159 36 0
158 36 0
157 36 0
156 36 0
155 36 0
154 36 0
153 37 0
152 37 0
151 37 0
150 37 0
149 37 0
148 37 0
147 37 0
146 38 0
145 39 0
144 39 0
143 41 0
142 41 0
142 42 0
142 43 0
141 43 0
141 44 0
141 45 0
140 45 0
138 47 0
138 48 0
138 49 0
138 50 0
138 51 0
137 51 0
136 52 0
136 53 0
136 54 0
135 55 0
134 56 0
134 57 0
134 58 0
134 59 0
134 60 0
134 61 0
134 62 0
134 63 0
134 64 0
134 65 0
133 66 0
133 67 0
133 68 0
133 69 0
133 71 0
133 72 0
133 73 0
133 74 0
133 75 0
133 77 0
133 78 0
133 79 0
133 80 0
133 81 0
133 82 0
133 83 0
133 84 0
133 85 0
133 86 0
133 87 0
133 88 0
133 89 0
133 90 0
133 91 0
133 92 0
134 92 0
134 93 0
134 95 0
135 96 0
135 97 0
135 98 0
136 99 0
137 100 0
137 101 0
138 102 0
138 103 0
138 104 0
138 105 0
138 106 0
138 107 0
139 107 0
140 107 0
140 108 0
141 109 0
142 109 0
142 110 0
142 111 0
143 111 0
144 112 0
144 113 0
146 114 0
146 115 0
147 115 0
148 115 0
149 115 0
150 115 0
151 116 0
152 116 0
153 116 0
153 118 0
154 118 0
155 118 0
156 118 0
157 118 0
158 118 0
159 118 0
160 118 0
161 118 0
162 118 0
163 118 0
165 118 0
166 118 0
167 118 0
168 118 0
169 118 0
170 118 0
171 118 0
172 118 0
174 118 0
175 118 0
176 118 0
177 118 0
178 118 0
180 118 0
181 117 0
182 116 0
182 115 0
183 115 0
184 115 0
185 114 0
186 114 0
188 112 0
189 110 0
190 107 0
191 107 0
192 105 0
194 103 0
194 102 0
194 101 0
195 99 0
196 96 0
197 95 0
197 94 0
197 93 0
197 92 0
198 90 0
198 89 0
198 87 0
198 86 0
200 86 0
200 84 0
200 83 0
200 82 0
200 81 0
200 80 0
200 79 0
200 75 0
200 73 0
200 71 0
200 70 0
200 69 0
200 68 0
200 67 0
200 66 0
200 64 0
199 63 0
198 61 0
198 59 0
197 58 0
196 57 0
196 56 0
196 55 0
195 55 0
194 55 0
194 54 0
193 53 0
192 52 0
192 51 0
191 51 0
190 50 0
190 49 0
189 48 0
188 48 0
187 47 0
186 47 0
185 46 0
184 45 0
183 44 0
183 43 0
182 43 0
181 43 0
180 43 0
179 43 0
179 42 0
178 42 0
177 42 0
177 41 0
175 41 0
174 41 0
174 39 0
173 39 0
172 39 0
171 39 0
170 39 0
170 38 0
169 38 0
169 37 0
168 37 0
167 36 0
166 36 0
166 35 0
165 35 0
164 35 0
