172 36 0
172 38 0
172 39 0
172 40 0
172 42 0
172 43 0
172 45 0
172 46 0
172 48 0
172 50 0
172 51 0
172 52 0
173 54 0
174 56 0
174 58 0
174 59 0
174 60 0
174 63 0
174 65 0
174 67 0
174 70 0
174 71 0
174 73 0
175 75 0
175 76 0
175 78 0
175 79 0
175 80 0
175 81 0
175 83 0
175 84 0
175 85 0
176 85 0
176 87 0
176 89 0
176 90 0
177 91 0
177 92 0
177 93 0
177 95 0
177 97 0
177 98 0
178 99 0
178 102 0
178 103 0
178 104 0
178 105 0
178 106 0
178 107 0
178 108 0
178 109 0
178 110 0
178 111 0
178 112 0
178 114 0
178 115 0
178 116 0
178 117 0
178 118 0
178 119 0
174 36 1
176 36 1
180 35 1
181 35 1
182 35 1
183 35 1
184 35 1
185 35 1
186 35 1
187 35 1
188 35 1
189 35 1
190 35 1
192 35 1
193 35 1
194 35 1
195 35 1
195 36 1
196 36 1
197 37 1
198 37 1
199 37 1
200 37 1
201 38 1
202 39 1
204 41 1
205 42 1
206 42 1
206 43 1
207 43 1
208 43 1
208 44 1
210 44 1
210 45 1
210 46 1
211 47 1
212 47 1
212 48 1
213 48 1
213 49 1
213 50 1
214 50 1
214 51 1
214 52 1
214 53 1
214 54 1
214 55 1
214 56 1
214 57 1
214 59 1
214 60 1
214 61 1
214 62 1
214 63 1
214 64 1
214 65 1
214 66 1
214 67 1
214 68 1
214 69 1
213 70 1
212 71 1
210 71 1
209 72 1
208 72 1
207 73 1
207 74 1
206 74 1
205 74 1
205 75 1
204 75 1
202 76 1
201 76 1
200 76 1
199 76 1
198 77 1
197 77 1
196 77 1
195 78 1
194 78 1
193 78 1
192 78 1
190 78 1
189 78 1
188 78 1
188 79 1
187 79 1
186 79 1
184 79 1
182 79 1
181 79 1
180 79 1
178 79 1
177 79 1
176 79 1
175 79 1
174 79 1
