360 30 0
362 30 0
364 30 0
366 30 0
369 30 0
371 30 0
375 30 0
377 30 0
381 30 0
383 30 0
386 30 0
390 30 0
391 30 0
393 30 0
394 30 0
396 30 0
398 30 0
399 30 0
400 30 0
402 30 0
403 30 0
404 30 0
405 30 0
406 30 0
409 30 0
410 30 0
411 30 0
412 30 0
414 30 0
415 30 0
417 30 0
418 30 0
419 30 0
422 30 0
424 30 0
426 30 0
429 30 0
430 30 0
431 30 0
432 30 0
433 30 0
434 30 0
435 30 0
436 30 0
437 30 0
438 30 0
440 30 0
441 30 0
442 30 0
401 31 1
401 34 1
401 35 1
401 37 1
401 39 1
401 41 1
402 44 1
402 46 1
402 48 1
402 51 1
402 54 1
402 55 1
402 57 1
402 59 1
402 60 1
402 62 1
402 63 1
402 64 1
402 67 1
402 68 1
402 69 1
402 70 1
402 71 1
402 73 1
402 74 1
402 75 1
402 76 1
402 79 1
402 80 1
402 81 1
402 83 1
402 84 1
403 86 1
403 87 1
403 88 1
403 89 1
403 91 1
403 93 1
403 94 1
403 95 1
403 98 1
403 99 1
403 100 1
403 101 1
403 102 1
403 103 1
403 104 1
403 105 1
403 106 1
403 107 1
